  0.3315	  9.6146	 -0.1512	 -0.0132	  0.0000
  0.6631	  9.6146	 -0.1535	 -0.0137	  0.0000
  0.9946	  9.6146	 -0.1564	 -0.0143	  0.0000
  1.3262	  9.6146	 -0.1624	 -0.0152	  0.0000
  1.6577	  9.6146	 -0.1699	 -0.0161	  0.0000
  1.9892	  9.6146	 -0.1816	 -0.0161	  0.0000
  2.3208	  9.6146	 -0.1925	 -0.0161	  0.0000
  2.6523	  9.6146	 -0.2590	 -0.0000	  0.0000
  2.9838	  9.6146	 -0.2590	 -0.0000	  0.0000
  3.3154	  9.6146	 -0.1983	 -0.0244	  0.0000
  3.6469	  9.6146	 -0.1891	 -0.0309	  0.0000
  3.9785	  9.6146	 -0.1765	 -0.0390	  0.0000
  4.3100	  9.6146	 -0.1644	 -0.0473	  0.0000
  4.6415	  9.6146	 -0.1504	 -0.0564	  0.0000
  4.9731	  9.6146	 -0.1357	 -0.0656	  0.0000
  5.3046	  9.6146	 -0.1210	 -0.0740	  0.0000
  5.6361	  9.6146	 -0.1079	 -0.0808	  0.0000
  5.9677	  9.6146	 -0.0976	 -0.0849	  0.0000
  6.2992	  9.6146	 -0.0909	 -0.0860	  0.0000
  6.6308	  9.6146	 -0.0883	 -0.0838	  0.0000
  6.9623	  9.6146	 -0.0897	 -0.0787	  0.0000
  7.2938	  9.6146	 -0.0955	 -0.0707	  0.0000
  7.6254	  9.6146	 -0.1045	 -0.0608	  0.0000
  7.9569	  9.6146	 -0.1225	 -0.0461	  0.0000
  8.2884	  9.6146	 -0.1397	 -0.0328	  0.0000
  8.6200	  9.6146	 -0.1502	 -0.0250	  0.0000
  8.9515	  9.6146	 -0.1575	 -0.0205	  0.0000
  9.2831	  9.6146	 -0.1614	 -0.0191	  0.0000
  9.6146	  9.6146	 -0.1496	 -0.0259	  0.0000
  9.9461	  9.6146	 -0.1374	 -0.0329	  0.0000
 10.2777	  9.6146	  0.0000	 -0.0000	  0.0000
 10.6092	  9.6146	  0.0000	 -0.0000	  0.0000
 10.9407	  9.6146	 -0.1330	 -0.0344	  0.0000
 11.2723	  9.6146	 -0.1368	 -0.0320	  0.0000
 11.6038	  9.6146	 -0.1399	 -0.0298	  0.0000
 11.9354	  9.6146	 -0.1366	 -0.0299	  0.0000
 12.2669	  9.6146	 -0.1336	 -0.0302	  0.0000
 12.5984	  9.6146	 -0.1319	 -0.0304	  0.0000
 12.9300	  9.6146	 -0.1304	 -0.0307	  0.0000
  0.3315	  9.2831	 -0.1468	 -0.0142	  0.0000
  0.6631	  9.2831	 -0.1490	 -0.0147	  0.0000
  0.9946	  9.2831	 -0.1518	 -0.0154	  0.0000
  1.3262	  9.2831	 -0.1574	 -0.0165	  0.0000
  1.6577	  9.2831	 -0.1644	 -0.0177	  0.0000
  1.9892	  9.2831	 -0.1746	 -0.0182	  0.0000
  2.3208	  9.2831	 -0.1841	 -0.0188	  0.0000
  2.6523	  9.2831	 -0.1893	 -0.0206	  0.0000
  2.9838	  9.2831	 -0.1914	 -0.0232	  0.0000
  3.3154	  9.2831	 -0.1898	 -0.0270	  0.0000
  3.6469	  9.2831	 -0.1818	 -0.0330	  0.0000
  3.9785	  9.2831	 -0.1705	 -0.0406	  0.0000
  4.3100	  9.2831	 -0.1588	 -0.0486	  0.0000
  4.6415	  9.2831	 -0.1449	 -0.0576	  0.0000
  4.9731	  9.2831	 -0.1299	 -0.0667	  0.0000
  5.3046	  9.2831	 -0.1150	 -0.0752	  0.0000
  5.6361	  9.2831	 -0.1013	 -0.0821	  0.0000
  5.9677	  9.2831	 -0.0903	 -0.0866	  0.0000
  6.2992	  9.2831	 -0.0827	 -0.0881	  0.0000
  6.6308	  9.2831	 -0.0791	 -0.0864	  0.0000
  6.9623	  9.2831	 -0.0793	 -0.0818	  0.0000
  7.2938	  9.2831	 -0.0837	 -0.0744	  0.0000
  7.6254	  9.2831	 -0.0914	 -0.0651	  0.0000
  7.9569	  9.2831	 -0.1066	 -0.0519	  0.0000
  8.2884	  9.2831	 -0.1218	 -0.0398	  0.0000
  8.6200	  9.2831	 -0.1857	 -0.0000	  0.0000
  8.9515	  9.2831	 -0.1858	 -0.0000	  0.0000
  9.2831	  9.2831	 -0.1488	 -0.0249	  0.0000
  9.6146	  9.2831	 -0.1490	 -0.0274	  0.0000
  9.9461	  9.2831	 -0.1482	 -0.0304	  0.0000
 10.2777	  9.2831	 -0.1754	 -0.0624	  0.0000
 10.6092	  9.2831	 -0.1754	 -0.0624	  0.0000
 10.9407	  9.2831	 -0.1481	 -0.0303	  0.0000
 11.2723	  9.2831	 -0.1444	 -0.0302	  0.0000
 11.6038	  9.2831	 -0.1398	 -0.0304	  0.0000
 11.9354	  9.2831	 -0.1351	 -0.0310	  0.0000
 12.2669	  9.2831	 -0.1312	 -0.0318	  0.0000
 12.5984	  9.2831	 -0.1292	 -0.0323	  0.0000
 12.9300	  9.2831	 -0.1277	 -0.0327	  0.0000
  0.3315	  8.9515	 -0.1413	 -0.0153	  0.0000
  0.6631	  8.9515	 -0.1434	 -0.0160	  0.0000
  0.9946	  8.9515	 -0.1460	 -0.0168	  0.0000
  1.3262	  8.9515	 -0.1513	 -0.0181	  0.0000
  1.6577	  8.9515	 -0.1578	 -0.0196	  0.0000
  1.9892	  8.9515	 -0.1670	 -0.0205	  0.0000
  2.3208	  8.9515	 -0.1755	 -0.0215	  0.0000
  2.6523	  8.9515	 -0.1804	 -0.0234	  0.0000
  2.9838	  8.9515	 -0.1824	 -0.0260	  0.0000
  3.3154	  8.9515	 -0.1809	 -0.0296	  0.0000
  3.6469	  8.9515	 -0.1738	 -0.0352	  0.0000
  3.9785	  8.9515	 -0.1633	 -0.0423	  0.0000
  4.3100	  8.9515	 -0.1516	 -0.0500	  0.0000
  4.6415	  8.9515	 -0.1377	 -0.0588	  0.0000
  4.9731	  8.9515	 -0.1223	 -0.0678	  0.0000
  5.3046	  8.9515	 -0.1068	 -0.0764	  0.0000
  5.6361	  8.9515	 -0.0923	 -0.0836	  0.0000
  5.9677	  8.9515	 -0.0803	 -0.0884	  0.0000
  6.2992	  8.9515	 -0.0715	 -0.0904	  0.0000
  6.6308	  8.9515	 -0.0664	 -0.0894	  0.0000
  6.9623	  8.9515	 -0.0650	 -0.0856	  0.0000
  7.2938	  8.9515	 -0.0675	 -0.0790	  0.0000
  7.6254	  8.9515	 -0.0733	 -0.0705	  0.0000
  7.9569	  8.9515	 -0.0858	 -0.0586	  0.0000
  8.2884	  8.9515	 -0.0991	 -0.0475	  0.0000
  8.6200	  8.9515	 -0.1857	  0.0002	  0.0000
  8.9515	  8.9515	 -0.1858	  0.0002	  0.0000
  9.2831	  8.9515	 -0.1311	 -0.0311	  0.0000
  9.6146	  8.9515	 -0.1411	 -0.0303	  0.0000
  9.9461	  8.9515	 -0.1497	 -0.0302	  0.0000
 10.2777	  8.9515	 -0.1754	 -0.0624	  0.0000
 10.6092	  8.9515	 -0.1754	 -0.0624	  0.0000
 10.9407	  8.9515	 -0.1561	 -0.0277	  0.0000
 11.2723	  8.9515	 -0.1474	 -0.0294	  0.0000
 11.6038	  8.9515	 -0.1378	 -0.0313	  0.0000
 11.9354	  8.9515	 -0.1323	 -0.0326	  0.0000
 12.2669	  8.9515	 -0.1277	 -0.0340	  0.0000
 12.5984	  8.9515	 -0.1256	 -0.0348	  0.0000
 12.9300	  8.9515	 -0.1239	 -0.0354	  0.0000
  0.3315	  8.6200	 -0.1307	 -0.0173	  0.0000
  0.6631	  8.6200	 -0.1326	 -0.0183	  0.0000
  0.9946	  8.6200	 -0.1349	 -0.0193	  0.0000
  1.3262	  8.6200	 -0.1395	 -0.0212	  0.0000
  1.6577	  8.6200	 -0.1451	 -0.0232	  0.0000
  1.9892	  8.6200	 -0.1512	 -0.0254	  0.0000
  2.3208	  8.6200	 -0.1568	 -0.0275	  0.0000
  2.6523	  8.6200	 -0.1611	 -0.0296	  0.0000
  2.9838	  8.6200	 -0.1630	 -0.0321	  0.0000
  3.3154	  8.6200	 -0.1617	 -0.0353	  0.0000
  3.6469	  8.6200	 -0.1572	 -0.0397	  0.0000
  3.9785	  8.6200	 -0.1491	 -0.0454	  0.0000
  4.3100	  8.6200	 -0.1376	 -0.0526	  0.0000
  4.6415	  8.6200	 -0.1233	 -0.0609	  0.0000
  4.9731	  8.6200	 -0.1071	 -0.0698	  0.0000
  5.3046	  8.6200	 -0.0901	 -0.0785	  0.0000
  5.6361	  8.6200	 -0.0738	 -0.0861	  0.0000
  5.9677	  8.6200	 -0.0595	 -0.0918	  0.0000
  6.2992	  8.6200	 -0.0481	 -0.0949	  0.0000
  6.6308	  8.6200	 -0.0401	 -0.0952	  0.0000
  6.9623	  8.6200	 -0.0352	 -0.0929	  0.0000
  7.2938	  8.6200	 -0.0336	 -0.0879	  0.0000
  7.6254	  8.6200	 -0.0351	 -0.0810	  0.0000
  7.9569	  8.6200	 -0.0439	 -0.0706	  0.0000
  8.2884	  8.6200	 -0.0550	 -0.0603	  0.0000
  8.6200	  8.6200	 -0.0657	 -0.0529	  0.0000
  8.9515	  8.6200	 -0.0799	 -0.0466	  0.0000
  9.2831	  8.6200	 -0.0968	 -0.0412	  0.0000
  9.6146	  8.6200	 -0.1204	 -0.0392	  0.0000
  9.9461	  8.6200	 -0.1431	 -0.0364	  0.0000
 10.2777	  8.6200	 -0.2594	 -0.0000	  0.0000
 10.6092	  8.6200	 -0.2594	 -0.0000	  0.0000
 10.9407	  8.6200	 -0.1634	 -0.0285	  0.0000
 11.2723	  8.6200	 -0.1493	 -0.0294	  0.0000
 11.6038	  8.6200	 -0.1331	 -0.0323	  0.0000
 11.9354	  8.6200	 -0.1262	 -0.0360	  0.0000
 12.2669	  8.6200	 -0.1207	 -0.0384	  0.0000
 12.5984	  8.6200	 -0.1183	 -0.0397	  0.0000
 12.9300	  8.6200	 -0.1165	 -0.0406	  0.0000
  0.3315	  8.2884	 -0.1180	 -0.0195	  0.0000
  0.6631	  8.2884	 -0.1196	 -0.0209	  0.0000
  0.9946	  8.2884	 -0.1215	 -0.0223	  0.0000
  1.3262	  8.2884	 -0.1254	 -0.0249	  0.0000
  1.6577	  8.2884	 -0.1301	 -0.0277	  0.0000
  1.9892	  8.2884	 -0.1353	 -0.0306	  0.0000
  2.3208	  8.2884	 -0.1401	 -0.0330	  0.0000
  2.6523	  8.2884	 -0.1438	 -0.0353	  0.0000
  2.9838	  8.2884	 -0.1455	 -0.0375	  0.0000
  3.3154	  8.2884	 -0.1444	 -0.0402	  0.0000
  3.6469	  8.2884	 -0.1400	 -0.0438	  0.0000
  3.9785	  8.2884	 -0.1321	 -0.0487	  0.0000
  4.3100	  8.2884	 -0.1203	 -0.0551	  0.0000
  4.6415	  8.2884	 -0.1050	 -0.0628	  0.0000
  4.9731	  8.2884	 -0.0870	 -0.0715	  0.0000
  5.3046	  8.2884	 -0.0674	 -0.0803	  0.0000
  5.6361	  8.2884	 -0.0479	 -0.0885	  0.0000
  5.9677	  8.2884	 -0.0304	 -0.0952	  0.0000
  6.2992	  8.2884	 -0.0160	 -0.0998	  0.0000
  6.6308	  8.2884	 -0.0044	 -0.1019	  0.0000
  6.9623	  8.2884	  0.0046	 -0.1016	  0.0000
  7.2938	  8.2884	  0.0111	 -0.0988	  0.0000
  7.6254	  8.2884	  0.0158	 -0.0940	  0.0000
  7.9569	  8.2884	  0.0154	 -0.0864	  0.0000
  8.2884	  8.2884	  0.0101	 -0.0783	  0.0000
  8.6200	  8.2884	  0.0005	 -0.0712	  0.0000
  8.9515	  8.2884	 -0.0168	 -0.0641	  0.0000
  9.2831	  8.2884	 -0.0409	 -0.0569	  0.0000
  9.6146	  8.2884	 -0.0751	 -0.0498	  0.0000
  9.9461	  8.2884	 -0.1104	 -0.0402	  0.0000
 10.2777	  8.2884	 -0.2594	 -0.0000	  0.0000
 10.6092	  8.2884	 -0.2594	 -0.0000	  0.0000
 10.9407	  8.2884	 -0.1517	 -0.0257	  0.0000
 11.2723	  8.2884	 -0.1408	 -0.0281	  0.0000
 11.6038	  8.2884	 -0.1244	 -0.0347	  0.0000
 11.9354	  8.2884	 -0.1163	 -0.0409	  0.0000
 12.2669	  8.2884	 -0.1108	 -0.0442	  0.0000
 12.5984	  8.2884	 -0.1084	 -0.0460	  0.0000
 12.9300	  8.2884	 -0.1066	 -0.0471	  0.0000
  0.3315	  7.9569	 -0.1033	 -0.0206	  0.0000
  0.6631	  7.9569	 -0.1045	 -0.0227	  0.0000
  0.9946	  7.9569	 -0.1061	 -0.0248	  0.0000
  1.3262	  7.9569	 -0.1091	 -0.0293	  0.0000
  1.6577	  7.9569	 -0.1130	 -0.0329	  0.0000
  1.9892	  7.9569	 -0.1173	 -0.0365	  0.0000
  2.3208	  7.9569	 -0.1215	 -0.0394	  0.0000
  2.6523	  7.9569	 -0.1246	 -0.0416	  0.0000
  2.9838	  7.9569	 -0.1261	 -0.0434	  0.0000
  3.3154	  7.9569	 -0.1250	 -0.0453	  0.0000
  3.6469	  7.9569	 -0.1207	 -0.0478	  0.0000
  3.9785	  7.9569	 -0.1125	 -0.0516	  0.0000
  4.3100	  7.9569	 -0.0999	 -0.0571	  0.0000
  4.6415	  7.9569	 -0.0829	 -0.0641	  0.0000
  4.9731	  7.9569	 -0.0619	 -0.0724	  0.0000
  5.3046	  7.9569	 -0.0380	 -0.0813	  0.0000
  5.6361	  7.9569	 -0.0130	 -0.0901	  0.0000
  5.9677	  7.9569	  0.0094	 -0.0981	  0.0000
  6.2992	  7.9569	  0.0276	 -0.1045	  0.0000
  6.6308	  7.9569	  0.0439	 -0.1090	  0.0000
  6.9623	  7.9569	  0.0586	 -0.1112	  0.0000
  7.2938	  7.9569	  0.0715	 -0.1111	  0.0000
  7.6254	  7.9569	  0.0854	 -0.1088	  0.0000
  7.9569	  7.9569	  0.0988	 -0.1048	  0.0000
  8.2884	  7.9569	  0.1030	 -0.0994	  0.0000
  8.6200	  7.9569	  0.0953	 -0.0929	  0.0000
  8.9515	  7.9569	  0.0746	 -0.0853	  0.0000
  9.2831	  7.9569	  0.0413	 -0.0764	  0.0000
  9.6146	  7.9569	 -0.0083	 -0.0641	  0.0000
  9.9461	  7.9569	 -0.0586	 -0.0492	  0.0000
 10.2777	  7.9569	 -0.0936	 -0.0378	  0.0000
 10.6092	  7.9569	 -0.1298	 -0.0000	  0.0000
 10.9407	  7.9569	 -0.1298	 -0.0000	  0.0000
 11.2723	  7.9569	 -0.1218	 -0.0321	  0.0000
 11.6038	  7.9569	 -0.1089	 -0.0403	  0.0000
 11.9354	  7.9569	 -0.1027	 -0.0470	  0.0000
 12.2669	  7.9569	 -0.0981	 -0.0510	  0.0000
 12.5984	  7.9569	 -0.0961	 -0.0531	  0.0000
 12.9300	  7.9569	 -0.0945	 -0.0545	  0.0000
  0.3315	  7.6254	 -0.0889	 -0.0217	  0.0000
  0.6631	  7.6254	 -0.0895	 -0.0247	  0.0000
  0.9946	  7.6254	 -0.0906	 -0.0275	  0.0000
  1.3262	  7.6254	 -0.0924	 -0.0339	  0.0000
  1.6577	  7.6254	 -0.0954	 -0.0391	  0.0000
  1.9892	  7.6254	 -0.0987	 -0.0441	  0.0000
  2.3208	  7.6254	 -0.1024	 -0.0472	  0.0000
  2.6523	  7.6254	 -0.1053	 -0.0493	  0.0000
  2.9838	  7.6254	 -0.1065	 -0.0504	  0.0000
  3.3154	  7.6254	 -0.1056	 -0.0504	  0.0000
  3.6469	  7.6254	 -0.1014	 -0.0510	  0.0000
  3.9785	  7.6254	 -0.0925	 -0.0536	  0.0000
  4.3100	  7.6254	 -0.0785	 -0.0579	  0.0000
  4.6415	  7.6254	 -0.0587	 -0.0641	  0.0000
  4.9731	  7.6254	 -0.0333	 -0.0719	  0.0000
  5.3046	  7.6254	 -0.0030	 -0.0809	  0.0000
  5.6361	  7.6254	  0.0306	 -0.0903	  0.0000
  5.9677	  7.6254	  0.0619	 -0.0997	  0.0000
  6.2992	  7.6254	  0.0889	 -0.1082	  0.0000
  6.6308	  7.6254	  0.0988	 -0.1161	  0.0000
  6.9623	  7.6254	  0.1049	 -0.1219	  0.0000
  7.2938	  7.6254	  0.1296	 -0.1250	  0.0000
  7.6254	  7.6254	  0.1569	 -0.1257	  0.0000
  7.9569	  7.6254	  0.1822	 -0.1242	  0.0000
  8.2884	  7.6254	  0.2078	 -0.1199	  0.0000
  8.6200	  7.6254	  0.2172	 -0.1138	  0.0000
  8.9515	  7.6254	  0.1863	 -0.1062	  0.0000
  9.2831	  7.6254	  0.1364	 -0.0962	  0.0000
  9.6146	  7.6254	  0.0725	 -0.0830	  0.0000
  9.9461	  7.6254	  0.0103	 -0.0664	  0.0000
 10.2777	  7.6254	 -0.0377	 -0.0521	  0.0000
 10.6092	  7.6254	 -0.1298	 -0.0000	  0.0000
 10.9407	  7.6254	 -0.1298	 -0.0000	  0.0000
 11.2723	  7.6254	 -0.0930	 -0.0408	  0.0000
 11.6038	  7.6254	 -0.0886	 -0.0479	  0.0000
 11.9354	  7.6254	 -0.0856	 -0.0550	  0.0000
 12.2669	  7.6254	 -0.0829	 -0.0592	  0.0000
 12.5984	  7.6254	 -0.0816	 -0.0615	  0.0000
 12.9300	  7.6254	 -0.0804	 -0.0630	  0.0000
  0.3315	  7.2938	 -0.0738	 -0.0000	  0.0000
  0.6631	  7.2938	 -0.0725	 -0.0283	  0.0000
  0.9946	  7.2938	 -0.0736	 -0.0314	  0.0000
  1.3262	  7.2938	 -0.0751	 -0.0383	  0.0000
  1.6577	  7.2938	 -0.0782	 -0.0448	  0.0000
  1.9892	  7.2938	 -0.0813	 -0.0510	  0.0000
  2.3208	  7.2938	 -0.0851	 -0.0542	  0.0000
  2.6523	  7.2938	 -0.0879	 -0.0559	  0.0000
  2.9838	  7.2938	 -0.0892	 -0.0562	  0.0000
  3.3154	  7.2938	 -0.0879	 -0.0544	  0.0000
  3.6469	  7.2938	 -0.0833	 -0.0528	  0.0000
  3.9785	  7.2938	 -0.0733	 -0.0541	  0.0000
  4.3100	  7.2938	 -0.0573	 -0.0571	  0.0000
  4.6415	  7.2938	 -0.0341	 -0.0624	  0.0000
  4.9731	  7.2938	 -0.0029	 -0.0696	  0.0000
  5.3046	  7.2938	  0.0360	 -0.0785	  0.0000
  5.6361	  7.2938	  0.0815	 -0.0885	  0.0000
  5.9677	  7.2938	  0.1278	 -0.0994	  0.0000
  6.2992	  7.2938	  0.1724	 -0.1102	  0.0000
  6.6308	  7.2938	  0.1729	 -0.1216	  0.0000
  6.9623	  7.2938	  0.1663	 -0.1308	  0.0000
  7.2938	  7.2938	  0.2151	 -0.1376	  0.0000
  7.6254	  7.2938	  0.2635	 -0.1415	  0.0000
  7.9569	  7.2938	  0.3033	 -0.1429	  0.0000
  8.2884	  7.2938	  0.3613	 -0.1402	  0.0000
  8.6200	  7.2938	  0.3960	 -0.1351	  0.0000
  8.9515	  7.2938	  0.3430	 -0.1273	  0.0000
  9.2831	  7.2938	  0.2651	 -0.1163	  0.0000
  9.6146	  7.2938	  0.1780	 -0.1026	  0.0000
  9.9461	  7.2938	  0.0969	 -0.0846	  0.0000
 10.2777	  7.2938	  0.0309	 -0.0679	  0.0000
 10.6092	  7.2938	 -0.0149	 -0.0570	  0.0000
 10.9407	  7.2938	 -0.0429	 -0.0509	  0.0000
 11.2723	  7.2938	 -0.0594	 -0.0496	  0.0000
 11.6038	  7.2938	 -0.0654	 -0.0547	  0.0000
 11.9354	  7.2938	 -0.0666	 -0.0615	  0.0000
 12.2669	  7.2938	 -0.0666	 -0.0654	  0.0000
 12.5984	  7.2938	 -0.0663	 -0.0675	  0.0000
 12.9300	  7.2938	 -0.0657	 -0.0691	  0.0000
  0.3315	  6.9623	 -0.0738	 -0.0000	  0.0000
  0.6631	  6.9623	 -0.0570	 -0.0326	  0.0000
  0.9946	  6.9623	 -0.0581	 -0.0358	  0.0000
  1.3262	  6.9623	 -0.0597	 -0.0428	  0.0000
  1.6577	  6.9623	 -0.0628	 -0.0494	  0.0000
  1.9892	  6.9623	 -0.0659	 -0.0555	  0.0000
  2.3208	  6.9623	 -0.0597	 -0.0823	  0.0000
  2.6523	  6.9623	 -0.0597	 -0.0823	  0.0000
  2.9838	  6.9623	 -0.0741	 -0.0590	  0.0000
  3.3154	  6.9623	 -0.0727	 -0.0559	  0.0000
  3.6469	  6.9623	 -0.0676	 -0.0531	  0.0000
  3.9785	  6.9623	 -0.0564	 -0.0529	  0.0000
  4.3100	  6.9623	 -0.0381	 -0.0547	  0.0000
  4.6415	  6.9623	 -0.0109	 -0.0588	  0.0000
  4.9731	  6.9623	  0.0269	 -0.0653	  0.0000
  5.3046	  6.9623	  0.0764	 -0.0740	  0.0000
  5.6361	  6.9623	  0.1373	 -0.0845	  0.0000
  5.9677	  6.9623	  0.2047	 -0.0968	  0.0000
  6.2992	  6.9623	  0.2757	 -0.1099	  0.0000
  6.6308	  6.9623	  0.3089	 -0.1244	  0.0000
  6.9623	  6.9623	  0.3384	 -0.1373	  0.0000
  7.2938	  6.9623	  0.0000	 -0.1729	  0.0000
  7.6254	  6.9623	  0.0000	 -0.1729	  0.0000
  7.9569	  6.9623	  0.5552	 -0.1596	  0.0000
  8.2884	  6.9623	  0.6103	 -0.1587	  0.0000
  8.6200	  6.9623	  0.5938	 -0.1580	  0.0000
  8.9515	  6.9623	  0.4866	 -0.1544	  0.0000
  9.2831	  6.9623	  0.3696	 -0.1426	  0.0000
  9.6146	  6.9623	  0.2449	 -0.1273	  0.0000
  9.9461	  6.9623	  0.1339	 -0.1082	  0.0000
 10.2777	  6.9623	  0.0764	 -0.0866	  0.0000
 10.6092	  6.9623	  0.0355	 -0.0688	  0.0000
 10.9407	  6.9623	 -0.0036	 -0.0604	  0.0000
 11.2723	  6.9623	 -0.0278	 -0.0616	  0.0000
 11.6038	  6.9623	 -0.0399	 -0.0686	  0.0000
 11.9354	  6.9623	 -0.0457	 -0.0734	  0.0000
 12.2669	  6.9623	 -0.0487	 -0.0768	  0.0000
 12.5984	  6.9623	 -0.0492	 -0.0809	  0.0000
 12.9300	  6.9623	 -0.0499	 -0.0786	  0.0000
  0.3315	  6.6308	 -0.0346	 -0.0331	  0.0000
  0.6631	  6.6308	 -0.0373	 -0.0364	  0.0000
  0.9946	  6.6308	 -0.0399	 -0.0397	  0.0000
  1.3262	  6.6308	 -0.0409	 -0.0458	  0.0000
  1.6577	  6.6308	 -0.0453	 -0.0522	  0.0000
  1.9892	  6.6308	 -0.0487	 -0.0577	  0.0000
  2.3208	  6.6308	 -0.0597	 -0.0823	  0.0000
  2.6523	  6.6308	 -0.0597	 -0.0823	  0.0000
  2.9838	  6.6308	 -0.0628	 -0.0598	  0.0000
  3.3154	  6.6308	 -0.0612	 -0.0556	  0.0000
  3.6469	  6.6308	 -0.0556	 -0.0515	  0.0000
  3.9785	  6.6308	 -0.0431	 -0.0500	  0.0000
  4.3100	  6.6308	 -0.0226	 -0.0504	  0.0000
  4.6415	  6.6308	  0.0086	 -0.0535	  0.0000
  4.9731	  6.6308	  0.0524	 -0.0590	  0.0000
  5.3046	  6.6308	  0.1125	 -0.0673	  0.0000
  5.6361	  6.6308	  0.1901	 -0.0780	  0.0000
  5.9677	  6.6308	  0.2838	 -0.0913	  0.0000
  6.2992	  6.6308	  0.3903	 -0.1064	  0.0000
  6.6308	  6.6308	  0.4949	 -0.1252	  0.0000
  6.9623	  6.6308	  0.5997	 -0.1430	  0.0000
  7.2938	  6.6308	  0.0000	 -0.1729	  0.0000
  7.6254	  6.6308	  0.0000	 -0.1729	  0.0000
  7.9569	  6.6308	  0.9923	 -0.1792	  0.0000
  8.2884	  6.6308	  1.0136	 -0.1789	  0.0000
  8.6200	  6.6308	  0.9424	 -0.1775	  0.0000
  8.9515	  6.6308	  0.7635	 -0.1720	  0.0000
  9.2831	  6.6308	  0.5712	 -0.1578	  0.0000
  9.6146	  6.6308	  0.3758	 -0.1394	  0.0000
  9.9461	  6.6308	  0.2304	 -0.1197	  0.0000
 10.2777	  6.6308	  0.1473	 -0.0968	  0.0000
 10.6092	  6.6308	  0.0888	 -0.0762	  0.0000
 10.9407	  6.6308	  0.0376	 -0.0649	  0.0000
 11.2723	  6.6308	  0.0045	 -0.0635	  0.0000
 11.6038	  6.6308	 -0.0163	 -0.0668	  0.0000
 11.9354	  6.6308	 -0.0281	 -0.0690	  0.0000
 12.2669	  6.6308	 -0.0340	 -0.0721	  0.0000
 12.5984	  6.6308	 -0.0357	 -0.0761	  0.0000
 12.9300	  6.6308	 -0.0372	 -0.0739	  0.0000
  0.3315	  6.2992	 -0.0245	 -0.0398	  0.0000
  0.6631	  6.2992	 -0.0278	 -0.0426	  0.0000
  0.9946	  6.2992	 -0.0309	 -0.0454	  0.0000
  1.3262	  6.2992	 -0.0329	 -0.0500	  0.0000
  1.6577	  6.2992	 -0.0379	 -0.0558	  0.0000
  1.9892	  6.2992	 -0.0419	 -0.0605	  0.0000
  2.3208	  6.2992	 -0.0466	 -0.0618	  0.0000
  2.6523	  6.2992	 -0.0496	 -0.0608	  0.0000
  2.9838	  6.2992	 -0.0560	 -0.0590	  0.0000
  3.3154	  6.2992	 -0.0537	 -0.0534	  0.0000
  3.6469	  6.2992	 -0.0473	 -0.0480	  0.0000
  3.9785	  6.2992	 -0.0337	 -0.0452	  0.0000
  4.3100	  6.2992	 -0.0120	 -0.0444	  0.0000
  4.6415	  6.2992	  0.0221	 -0.0464	  0.0000
  4.9731	  6.2992	  0.0705	 -0.0509	  0.0000
  5.3046	  6.2992	  0.1403	 -0.0585	  0.0000
  5.6361	  6.2992	  0.2343	 -0.0691	  0.0000
  5.9677	  6.2992	  0.3586	 -0.0832	  0.0000
  6.2992	  6.2992	  0.5059	 -0.0997	  0.0000
  6.6308	  6.2992	  0.6842	 -0.1219	  0.0000
  6.9623	  6.2992	  0.8673	 -0.1436	  0.0000
  7.2938	  6.2992	  1.1036	 -0.1639	  0.0000
  7.6254	  6.2992	  1.2964	 -0.1799	  0.0000
  7.9569	  6.2992	  1.4278	 -0.1917	  0.0000
  8.2884	  6.2992	  1.4149	 -0.1919	  0.0000
  8.6200	  6.2992	  1.2871	 -0.1900	  0.0000
  8.9515	  6.2992	  1.0330	 -0.1827	  0.0000
  9.2831	  6.2992	  0.0000	 -0.2592	  0.0000
  9.6146	  6.2992	  0.0000	 -0.2592	  0.0000
  9.9461	  6.2992	  0.3174	 -0.1229	  0.0000
 10.2777	  6.2992	  0.2067	 -0.0972	  0.0000
 10.6092	  6.2992	  0.1314	 -0.0736	  0.0000
 10.9407	  6.2992	  0.0693	 -0.0592	  0.0000
 11.2723	  6.2992	  0.0283	 -0.0549	  0.0000
 11.6038	  6.2992	  0.0018	 -0.0560	  0.0000
 11.9354	  6.2992	  0.0000	 -0.1729	  0.0000
 12.2669	  6.2992	  0.0000	 -0.1729	  0.0000
 12.5984	  6.2992	 -0.0248	 -0.0645	  0.0000
 12.9300	  6.2992	 -0.0269	 -0.0629	  0.0000
  0.3315	  5.9677	  0.0892	 -0.0351	  0.0000
  0.6631	  5.9677	  0.0000	 -0.0430	  0.0000
  0.9946	  5.9677	 -0.0257	 -0.0508	  0.0000
  1.3262	  5.9677	 -0.0295	 -0.0536	  0.0000
  1.6577	  5.9677	 -0.0358	 -0.0577	  0.0000
  1.9892	  5.9677	  0.0930	 -0.0352	  0.0000
  2.3208	  5.9677	 -0.0462	 -0.0607	  0.0000
  2.6523	  5.9677	 -0.0493	 -0.0583	  0.0000
  2.9838	  5.9677	 -0.0553	 -0.0551	  0.0000
  3.3154	  5.9677	 -0.0523	 -0.0491	  0.0000
  3.6469	  5.9677	 -0.0447	 -0.0432	  0.0000
  3.9785	  5.9677	 -0.0304	 -0.0391	  0.0000
  4.3100	  5.9677	 -0.0080	 -0.0372	  0.0000
  4.6415	  5.9677	  0.0281	 -0.0380	  0.0000
  4.9731	  5.9677	  0.0797	 -0.0414	  0.0000
  5.3046	  5.9677	  0.1570	 -0.0482	  0.0000
  5.6361	  5.9677	  0.2393	 -0.0560	  0.0000
  5.9677	  5.9677	  0.3918	 -0.0704	  0.0000
  6.2992	  5.9677	  0.5775	 -0.0877	  0.0000
  6.6308	  5.9677	  0.8446	 -0.1118	  0.0000
  6.9623	  5.9677	  1.1244	 -0.1363	  0.0000
  7.2938	  5.9677	  2.0849	 -0.1938	  0.0000
  7.6254	  5.9677	  2.3316	 -0.2130	  0.0000
  7.9569	  5.9677	  2.4983	 -0.2276	  0.0000
  8.2884	  5.9677	  2.4368	 -0.2282	  0.0000
  8.6200	  5.9677	  2.2358	 -0.2252	  0.0000
  8.9515	  5.9677	  1.2887	 -0.1840	  0.0000
  9.2831	  5.9677	  0.9530	 -0.1648	  0.0000
  9.6146	  5.9677	  0.6209	 -0.1406	  0.0000
  9.9461	  5.9677	  0.3992	 -0.1168	  0.0000
 10.2777	  5.9677	  0.2606	 -0.0891	  0.0000
 10.6092	  5.9677	  0.1679	 -0.0631	  0.0000
 10.9407	  5.9677	  0.0930	 -0.0412	  0.0000
 11.2723	  5.9677	  0.0449	 -0.0293	  0.0000
 11.6038	  5.9677	  0.0141	 -0.0280	  0.0000
 11.9354	  5.9677	 -0.0042	 -0.0280	  0.0000
 12.2669	  5.9677	 -0.0144	 -0.0316	  0.0000
 12.5984	  5.9677	 -0.0177	 -0.0395	  0.0000
 12.9300	  5.9677	 -0.0207	 -0.0446	  0.0000
  0.3315	  5.6361	 -0.0191	 -0.0508	  0.0000
  0.6631	  5.6361	 -0.0237	 -0.0526	  0.0000
  0.9946	  5.6361	 -0.0281	 -0.0546	  0.0000
  1.3262	  5.6361	 -0.0346	 -0.0590	  0.0000
  1.6577	  5.6361	 -0.0431	 -0.0637	  0.0000
  1.9892	  5.6361	 -0.0492	 -0.0647	  0.0000
  2.3208	  5.6361	 -0.0546	 -0.0635	  0.0000
  2.6523	  5.6361	 -0.0575	 -0.0596	  0.0000
  2.9838	  5.6361	 -0.0583	 -0.0519	  0.0000
  3.3154	  5.6361	 -0.0509	 -0.0424	  0.0000
  3.6469	  5.6361	 -0.0428	 -0.0359	  0.0000
  3.9785	  5.6361	 -0.0282	 -0.0306	  0.0000
  4.3100	  5.6361	 -0.0059	 -0.0276	  0.0000
  4.6415	  5.6361	  0.0238	 -0.0277	  0.0000
  4.9731	  5.6361	  0.0663	 -0.0300	  0.0000
  5.3046	  5.6361	  0.1482	 -0.0359	  0.0000
  5.6361	  5.6361	  0.2394	 -0.0429	  0.0000
  5.9677	  5.6361	  0.4107	 -0.0570	  0.0000
  6.2992	  5.6361	  0.6251	 -0.0746	  0.0000
  6.6308	  5.6361	  0.9844	 -0.1004	  0.0000
  6.9623	  5.6361	  1.2671	 -0.1206	  0.0000
  7.2938	  5.6361	  2.1857	 -0.1733	  0.0000
  7.6254	  5.6361	  2.4704	 -0.1945	  0.0000
  7.9569	  5.6361	  2.6648	 -0.2109	  0.0000
  8.2884	  5.6361	  2.5423	 -0.2108	  0.0000
  8.6200	  5.6361	  2.3510	 -0.2123	  0.0000
  8.9515	  5.6361	  1.4475	 -0.1757	  0.0000
  9.2831	  5.6361	  1.0620	 -0.1541	  0.0000
  9.6146	  5.6361	  0.6813	 -0.1275	  0.0000
  9.9461	  5.6361	  0.4378	 -0.1030	  0.0000
 10.2777	  5.6361	  0.2844	 -0.0744	  0.0000
 10.6092	  5.6361	  0.1832	 -0.0469	  0.0000
 10.9407	  5.6361	  0.1028	 -0.0191	  0.0000
 11.2723	  5.6361	  0.0524	 -0.0012	  0.0000
 11.6038	  5.6361	  0.0200	  0.0016	  0.0000
 11.9354	  5.6361	  0.0005	  0.0022	  0.0000
 12.2669	  5.6361	 -0.0106	 -0.0025	  0.0000
 12.5984	  5.6361	 -0.0141	 -0.0140	  0.0000
 12.9300	  5.6361	 -0.0180	 -0.0254	  0.0000
  0.3315	  5.3046	 -0.0242	 -0.0533	  0.0000
  0.6631	  5.3046	 -0.0293	 -0.0550	  0.0000
  0.9946	  5.3046	 -0.0343	 -0.0567	  0.0000
  1.3262	  5.3046	 -0.0418	 -0.0605	  0.0000
  1.6577	  5.3046	 -0.0513	 -0.0644	  0.0000
  1.9892	  5.3046	 -0.0586	 -0.0645	  0.0000
  2.3208	  5.3046	 -0.0647	 -0.0620	  0.0000
  2.6523	  5.3046	 -0.0681	 -0.0568	  0.0000
  2.9838	  5.3046	 -0.0693	 -0.0478	  0.0000
  3.3154	  5.3046	 -0.0620	 -0.0370	  0.0000
  3.6469	  5.3046	 -0.0538	 -0.0293	  0.0000
  3.9785	  5.3046	 -0.0395	 -0.0230	  0.0000
  4.3100	  5.3046	 -0.0177	 -0.0189	  0.0000
  4.6415	  5.3046	  0.0113	 -0.0177	  0.0000
  4.9731	  5.3046	  0.0526	 -0.0187	  0.0000
  5.3046	  5.3046	  0.1346	 -0.0232	  0.0000
  5.6361	  5.3046	  0.2278	 -0.0292	  0.0000
  5.9677	  5.3046	  0.4063	 -0.0424	  0.0000
  6.2992	  5.3046	 -0.0001	 -0.0000	  0.0000
  6.6308	  5.3046	  1.0209	 -0.0859	  0.0000
  6.9623	  5.3046	  1.3353	 -0.1069	  0.0000
  7.2938	  5.3046	  2.2837	 -0.1606	  0.0000
  7.6254	  5.3046	  2.5899	 -0.1826	  0.0000
  7.9569	  5.3046	 18.3994	 -0.9817	  0.0000
  8.2884	  5.3046	  2.6539	 -0.1982	  0.0000
  8.6200	  5.3046	  2.4640	 -0.1943	  0.0000
  8.9515	  5.3046	  1.5494	 -0.1513	  0.0000
  9.2831	  5.3046	  1.1359	 -0.1276	  0.0000
  9.6146	  5.3046	  0.7278	 -0.0996	  0.0000
  9.9461	  5.3046	  0.4810	 -0.0754	  0.0000
 10.2777	  5.3046	  0.2960	 -0.0506	  0.0000
 10.6092	  5.3046	  0.1760	 -0.0273	  0.0000
 10.9407	  5.3046	  0.0979	  0.0008	  0.0000
 11.2723	  5.3046	  0.0491	  0.0239	  0.0000
 11.6038	  5.3046	  0.0000	  0.1512	  0.0000
 11.9354	  5.3046	  0.0000	  0.1512	  0.0000
 12.2669	  5.3046	 -0.0134	  0.0235	  0.0000
 12.5984	  5.3046	 -0.0175	  0.0129	  0.0000
 12.9300	  5.3046	 -0.0214	 -0.0047	  0.0000
  0.3315	  4.9731	 -0.0406	 -0.0549	  0.0000
  0.6631	  4.9731	 -0.0441	 -0.0562	  0.0000
  0.9946	  4.9731	 -0.0483	 -0.0575	  0.0000
  1.3262	  4.9731	 -0.0578	 -0.0614	  0.0000
  1.6577	  4.9731	 -0.0677	 -0.0645	  0.0000
  1.9892	  4.9731	 -0.1207	 -0.1207	  0.0000
  2.3208	  4.9731	 -0.1207	 -0.1207	  0.0000
  2.6523	  4.9731	 -0.0880	 -0.0539	  0.0000
  2.9838	  4.9731	 -0.0849	 -0.0428	  0.0000
  3.3154	  4.9731	 -0.0786	 -0.0310	  0.0000
  3.6469	  4.9731	  0.0000	 -0.0000	  0.0000
  3.9785	  4.9731	  0.0000	 -0.0000	  0.0000
  4.3100	  4.9731	 -0.0370	 -0.0098	  0.0000
  4.6415	  4.9731	 -0.0099	 -0.0074	  0.0000
  4.9731	  4.9731	  0.0300	 -0.0070	  0.0000
  5.3046	  4.9731	  0.0000	 -0.0000	  0.0000
  5.6361	  4.9731	  0.0000	 -0.0000	  0.0000
  5.9677	  4.9731	  0.3737	 -0.0274	  0.0000
  6.2992	  4.9731	  0.5868	 -0.0433	  0.0000
  6.6308	  4.9731	  0.9333	 -0.0671	  0.0000
  6.9623	  4.9731	  1.1982	 -0.0852	  0.0000
  7.2938	  4.9731	  2.0948	 -0.1359	  0.0000
  7.6254	  4.9731	  0.1731	 -0.0000	  0.0000
  7.9569	  4.9731	  0.1731	 -0.0000	  0.0000
  8.2884	  4.9731	  2.4002	 -0.1689	  0.0000
  8.6200	  4.9731	  2.2266	 -0.1642	  0.0000
  8.9515	  4.9731	  1.3391	 -0.1206	  0.0000
  9.2831	  4.9731	  0.9653	 -0.0975	  0.0000
  9.6146	  4.9731	  0.6047	 -0.0716	  0.0000
  9.9461	  4.9731	  0.3761	 -0.0485	  0.0000
 10.2777	  4.9731	  0.2271	 -0.0272	  0.0000
 10.6092	  4.9731	  0.1375	 -0.0076	  0.0000
 10.9407	  4.9731	  0.0785	  0.0177	  0.0000
 11.2723	  4.9731	  0.0372	  0.0397	  0.0000
 11.6038	  4.9731	  0.0000	  0.1511	  0.0000
 11.9354	  4.9731	  0.0000	  0.1512	  0.0000
 12.2669	  4.9731	 -0.0176	  0.0338	  0.0000
 12.5984	  4.9731	 -0.0213	  0.0220	  0.0000
 12.9300	  4.9731	 -0.0254	  0.0026	  0.0000
  0.3315	  4.6415	 -0.0496	 -0.0531	  0.0000
  0.6631	  4.6415	 -0.0533	 -0.0539	  0.0000
  0.9946	  4.6415	 -0.0578	 -0.0548	  0.0000
  1.3262	  4.6415	 -0.0679	 -0.0579	  0.0000
  1.6577	  4.6415	 -0.0788	 -0.0602	  0.0000
  1.9892	  4.6415	 -0.0887	 -0.0585	  0.0000
  2.3208	  4.6415	 -0.0976	 -0.0542	  0.0000
  2.6523	  4.6415	 -0.1045	 -0.0474	  0.0000
  2.9838	  4.6415	 -0.1076	 -0.0360	  0.0000
  3.3154	  4.6415	 -0.1077	 -0.0243	  0.0000
  3.6469	  4.6415	 -0.1021	 -0.0152	  0.0000
  3.9785	  4.6415	 -0.0896	 -0.0073	  0.0000
  4.3100	  4.6415	 -0.0692	 -0.0011	  0.0000
  4.6415	  4.6415	 -0.0399	  0.0026	  0.0000
  4.9731	  4.6415	 -0.0028	  0.0059	  0.0000
  5.3046	  4.6415	  0.0630	  0.0056	  0.0000
  5.6361	  4.6415	  0.1438	  0.0020	  0.0000
  5.9677	  4.6415	  0.3006	 -0.0092	  0.0000
  6.2992	  4.6415	  0.4916	 -0.0244	  0.0000
  6.6308	  4.6415	  0.7886	 -0.0473	  0.0000
  6.9623	  4.6415	  1.0015	 -0.0644	  0.0000
  7.2938	  4.6415	  1.8345	 -0.1121	  0.0000
  7.6254	  4.6415	  2.0368	 -0.1285	  0.0000
  7.9569	  4.6415	  2.1658	 -0.1404	  0.0000
  8.2884	  4.6415	  2.0605	 -0.1396	  0.0000
  8.6200	  4.6415	  1.9142	 -0.1342	  0.0000
  8.9515	  4.6415	  1.0693	 -0.0906	  0.0000
  9.2831	  4.6415	  0.7487	 -0.0683	  0.0000
  9.6146	  4.6415	  0.4473	 -0.0432	  0.0000
  9.9461	  4.6415	  0.2527	 -0.0206	  0.0000
 10.2777	  4.6415	  0.1426	 -0.0034	  0.0000
 10.6092	  4.6415	  0.0846	  0.0115	  0.0000
 10.9407	  4.6415	  0.0457	  0.0329	  0.0000
 11.2723	  4.6415	  0.0168	  0.0505	  1.0000
 11.6038	  4.6415	 -0.0018	  0.0537	  0.0000
 11.9354	  4.6415	 -0.0145	  0.0525	  0.0000
 12.2669	  4.6415	 -0.0236	  0.0397	  0.0000
 12.5984	  4.6415	 -0.0265	  0.0278	  0.0000
 12.9300	  4.6415	 -0.0497	 -0.0624	  0.0000
  0.3315	  4.3100	 -0.0584	 -0.0490	  0.0000
  0.6631	  4.3100	 -0.0624	 -0.0495	  0.0000
  0.9946	  4.3100	 -0.0673	 -0.0499	  0.0000
  1.3262	  4.3100	 -0.0780	 -0.0523	  0.0000
  1.6577	  4.3100	 -0.0899	 -0.0537	  0.0000
  1.9892	  4.3100	 -0.1011	 -0.0511	  0.0000
  2.3208	  4.3100	 -0.1118	 -0.0462	  0.0000
  2.6523	  4.3100	 -0.1212	 -0.0391	  0.0000
  2.9838	  4.3100	 -0.1300	 -0.0280	  0.0000
  3.3154	  4.3100	 -0.1360	 -0.0171	  0.0000
  3.6469	  4.3100	 -0.1325	 -0.0078	  0.0000
  3.9785	  4.3100	 -0.1214	  0.0003	  0.0000
  4.3100	  4.3100	 -0.1018	  0.0073	  0.0000
  4.6415	  4.3100	 -0.0717	  0.0125	  0.0000
  4.9731	  4.3100	 -0.0373	  0.0185	  0.0000
  5.3046	  4.3100	  0.0149	  0.0204	  0.0000
  5.6361	  4.3100	  0.1080	  0.0152	  0.0000
  5.9677	  4.3100	  0.2393	  0.0049	  0.0000
  6.2992	  4.3100	  0.3966	 -0.0094	  0.0000
  6.6308	  4.3100	  0.6271	 -0.0307	  0.0000
  6.9623	  4.3100	  0.7527	 -0.0466	  0.0000
  7.2938	  4.3100	  0.8390	 -0.0562	  0.0000
  7.6254	  4.3100	  0.9603	 -0.0670	  0.0000
  7.9569	  4.3100	  1.0395	 -0.0759	  0.0000
  8.2884	  4.3100	  0.9537	 -0.0756	  0.0000
  8.6200	  4.3100	  0.8566	 -0.0743	  0.0000
  8.9515	  4.3100	  0.7110	 -0.0690	  0.0000
  9.2831	  4.3100	  0.0000	 -0.0000	  0.0000
  9.6146	  4.3100	 -0.1697	  0.0248	  0.0000
  9.9461	  4.3100	 -0.1058	  0.0248	  0.0000
 10.2777	  4.3100	  0.0494	  0.0094	  0.0000
 10.6092	  4.3100	  0.0281	  0.0244	  0.0000
 10.9407	  4.3100	  0.0112	  0.0379	  0.0000
 11.2723	  4.3100	 -0.0051	  0.0458	  0.0000
 11.6038	  4.3100	 -0.0155	  0.0450	  0.0000
 11.9354	  4.3100	 -0.0236	  0.0427	  0.0000
 12.2669	  4.3100	 -0.0299	  0.0301	  0.0000
 12.5984	  4.3100	 -0.0322	  0.0219	  0.0000
 12.9300	  4.3100	 -0.0497	 -0.0624	  0.0000
  0.3315	  3.9785	 -0.0640	 -0.0425	  0.0000
  0.6631	  3.9785	 -0.0685	 -0.0427	  0.0000
  0.9946	  3.9785	 -0.0739	 -0.0427	  0.0000
  1.3262	  3.9785	 -0.0840	 -0.0421	  0.0000
  1.6577	  3.9785	 -0.0956	 -0.0403	  0.0000
  1.9892	  3.9785	 -0.1082	 -0.0369	  0.0000
  2.3208	  3.9785	 -0.1209	 -0.0315	  0.0000
  2.6523	  3.9785	 -0.1327	 -0.0242	  0.0000
  2.9838	  3.9785	 -0.1488	 -0.0162	  0.0000
  3.3154	  3.9785	 -0.1612	 -0.0082	  0.0000
  3.6469	  3.9785	 -0.2594	 -0.0000	  0.0000
  3.9785	  3.9785	 -0.2594	 -0.0000	  0.0000
  4.3100	  3.9785	 -0.1317	  0.0167	  0.0000
  4.6415	  3.9785	 -0.0975	  0.0229	  0.0000
  4.9731	  3.9785	 -0.0574	  0.0293	  0.0000
  5.3046	  3.9785	 -0.0145	  0.0315	  0.0000
  5.6361	  3.9785	 -0.0624	  0.0624	  0.0000
  5.9677	  3.9785	 -0.0624	  0.0624	  0.0000
  6.2992	  3.9785	  0.2867	  0.0028	  0.0000
  6.6308	  3.9785	  0.4413	 -0.0158	  0.0000
  6.9623	  3.9785	  0.5731	 -0.0361	  0.0000
  7.2938	  3.9785	  0.6695	 -0.0490	  0.0000
  7.6254	  3.9785	  0.7216	 -0.0548	  0.0000
  7.9569	  3.9785	  0.7548	 -0.0610	  0.0000
  8.2884	  3.9785	  0.6921	 -0.0614	  0.0000
  8.6200	  3.9785	  0.5529	 -0.0581	  0.0000
  8.9515	  3.9785	  0.3826	 -0.0531	  0.0000
  9.2831	  3.9785	  0.0000	 -0.0000	  0.0000
  9.6146	  3.9785	 -0.1697	  0.0248	  0.0000
  9.9461	  3.9785	 -0.1058	  0.0248	  0.0000
 10.2777	  3.9785	 -0.0645	  0.0646	  0.0000
 10.6092	  3.9785	 -0.0645	  0.0646	  0.0000
 10.9407	  3.9785	 -0.0219	  0.0351	  0.0000
 11.2723	  3.9785	 -0.0269	  0.0362	  0.0000
 11.6038	  3.9785	 -0.0298	  0.0336	  0.0000
 11.9354	  3.9785	 -0.0331	  0.0305	  0.0000
 12.2669	  3.9785	 -0.0365	  0.0189	  0.0000
 12.5984	  3.9785	 -0.0378	  0.0144	  0.0000
 12.9300	  3.9785	 -0.0390	  0.0078	  0.0000
  0.3315	  3.6469	 -0.0683	 -0.0347	  0.0000
  0.6631	  3.6469	 -0.0735	 -0.0346	  0.0000
  0.9946	  3.6469	 -0.0797	 -0.0341	  0.0000
  1.3262	  3.6469	 -0.0910	 -0.0328	  0.0000
  1.6577	  3.6469	 -0.1037	 -0.0302	  0.0000
  1.9892	  3.6469	 -0.1174	 -0.0260	  0.0000
  2.3208	  3.6469	 -0.1313	 -0.0199	  0.0000
  2.6523	  3.6469	 -0.1444	 -0.0124	  0.0000
  2.9838	  3.6469	 -0.1617	 -0.0042	  0.0000
  3.3154	  3.6469	 -0.1754	  0.0038	  0.0000
  3.6469	  3.6469	 -0.2594	 -0.0000	  0.0000
  3.9785	  3.6469	 -0.2594	 -0.0000	  0.0000
  4.3100	  3.6469	 -0.1504	  0.0288	  0.0000
  4.6415	  3.6469	 -0.1192	  0.0348	  0.0000
  4.9731	  3.6469	 -0.0838	  0.0406	  0.0000
  5.3046	  3.6469	 -0.0502	  0.0422	  0.0000
  5.6361	  3.6469	 -0.0624	  0.0624	  0.0000
  5.9677	  3.6469	 -0.0624	  0.0624	  0.0000
  6.2992	  3.6469	  0.1782	  0.0121	  0.0000
  6.6308	  3.6469	  0.2685	 -0.0049	  0.0000
  6.9623	  3.6469	  0.3315	 -0.0229	  0.0000
  7.2938	  3.6469	  0.3597	 -0.0328	  0.0000
  7.6254	  3.6469	 -0.0262	 -0.0490	  0.0000
  7.9569	  3.6469	 -0.0892	 -0.0183	  0.0000
  8.2884	  3.6469	 -0.0923	  0.0209	  0.0000
  8.6200	  3.6469	  0.2259	 -0.0381	  0.0000
  8.9515	  3.6469	  0.1208	 -0.0369	  0.0000
  9.2831	  3.6469	 -0.2590	 -0.0984	  0.0000
  9.6146	  3.6469	 -0.2590	 -0.0984	  0.0000
  9.9461	  3.6469	 -0.1065	 -0.0019	  0.0000
 10.2777	  3.6469	 -0.0645	  0.0645	  0.0000
 10.6092	  3.6469	 -0.0645	  0.0645	  0.0000
 10.9407	  3.6469	 -0.0485	  0.0316	  0.0000
 11.2723	  3.6469	 -0.0450	  0.0312	  0.0000
 11.6038	  3.6469	 -0.0421	  0.0274	  0.0000
 11.9354	  3.6469	 -0.0413	  0.0243	  0.0000
 12.2669	  3.6469	 -0.0411	  0.0169	  0.0000
 12.5984	  3.6469	 -0.0409	  0.0138	  0.0000
 12.9300	  3.6469	 -0.0409	  0.0095	  0.0000
  0.3315	  3.3154	 -0.0633	 -0.0250	  0.0000
  0.6631	  3.3154	 -0.0718	 -0.0248	  0.0000
  0.9946	  3.3154	 -0.0800	 -0.0241	  0.0000
  1.3262	  3.3154	 -0.0953	 -0.0225	  0.0000
  1.6577	  3.3154	 -0.1121	 -0.0194	  0.0000
  1.9892	  3.3154	 -0.1259	 -0.0142	  0.0000
  2.3208	  3.3154	 -0.1398	 -0.0075	  0.0000
  2.6523	  3.3154	 -0.1527	  0.0006	  0.0000
  2.9838	  3.3154	 -0.1699	  0.0092	  0.0000
  3.3154	  3.3154	 -0.1838	  0.0177	  0.0000
  3.6469	  3.3154	 -0.1845	  0.0272	  0.0000
  3.9785	  3.3154	 -0.1774	  0.0358	  0.0000
  4.3100	  3.3154	 -0.1623	  0.0430	  0.0000
  4.6415	  3.3154	 -0.1342	  0.0483	  0.0000
  4.9731	  3.3154	 -0.1046	  0.0528	  0.0000
  5.3046	  3.3154	 -0.0806	  0.0525	  0.0000
  5.6361	  3.3154	 -0.0327	  0.0449	  0.0000
  5.9677	  3.3154	  0.0243	  0.0331	  0.0000
  6.2992	  3.3154	  0.0855	  0.0181	  0.0000
  6.6308	  3.3154	  0.1491	  0.0006	  0.0000
  6.9623	  3.3154	  0.1842	 -0.0172	  0.0000
  7.2938	  3.3154	  0.1864	 -0.0265	  0.0000
  7.6254	  3.3154	 -0.0262	 -0.0490	  0.0000
  7.9569	  3.3154	 -0.0892	 -0.0183	  0.0000
  8.2884	  3.3154	 -0.0923	  0.0209	  0.0000
  8.6200	  3.3154	  0.0751	 -0.0299	  0.0000
  8.9515	  3.3154	  0.0162	 -0.0323	  0.0000
  9.2831	  3.3154	 -0.2590	 -0.0984	  0.0000
  9.6146	  3.3154	 -0.2590	 -0.0984	  0.0000
  9.9461	  3.3154	 -0.1174	 -0.0081	  0.0000
 10.2777	  3.3154	 -0.1036	  0.0070	  0.0000
 10.6092	  3.3154	 -0.0798	  0.0208	  0.0000
 10.9407	  3.3154	 -0.0676	  0.0261	  0.0000
 11.2723	  3.3154	 -0.0589	  0.0249	  0.0000
 11.6038	  3.3154	 -0.0516	  0.0211	  0.0000
 11.9354	  3.3154	 -0.0475	  0.0187	  0.0000
 12.2669	  3.3154	 -0.0443	  0.0155	  0.0000
 12.5984	  3.3154	 -0.0427	  0.0138	  0.0000
 12.9300	  3.3154	 -0.0415	  0.0118	  0.0000
  0.3315	  2.9838	 -0.0642	 -0.0162	  0.0000
  0.6631	  2.9838	 -0.0750	 -0.0159	  0.0000
  0.9946	  2.9838	 -0.0845	 -0.0150	  0.0000
  1.3262	  2.9838	 -0.1022	 -0.0129	  0.0000
  1.6577	  2.9838	 -0.1214	 -0.0092	  0.0000
  1.9892	  2.9838	 -0.1344	 -0.0032	  0.0000
  2.3208	  2.9838	 -0.1472	  0.0045	  0.0000
  2.6523	  2.9838	 -0.1586	  0.0136	  0.0000
  2.9838	  2.9838	 -0.1706	  0.0231	  0.0000
  3.3154	  2.9838	 -0.1793	  0.0329	  0.0000
  3.6469	  2.9838	 -0.1797	  0.0433	  0.0000
  3.9785	  2.9838	 -0.1736	  0.0523	  0.0000
  4.3100	  2.9838	 -0.1610	  0.0593	  0.0000
  4.6415	  2.9838	 -0.1405	  0.0634	  0.0000
  4.9731	  2.9838	 -0.1161	  0.0642	  0.0000
  5.3046	  2.9838	 -0.0919	  0.0594	  0.0000
  5.6361	  2.9838	 -0.0563	  0.0488	  0.0000
  5.9677	  2.9838	 -0.0162	  0.0346	  0.0000
  6.2992	  2.9838	  0.0242	  0.0179	  0.0000
  6.6308	  2.9838	  0.0608	  0.0008	  0.0000
  6.9623	  2.9838	  0.0660	 -0.0156	  0.0000
  7.2938	  2.9838	  0.0501	 -0.0245	  0.0000
  7.6254	  2.9838	  0.0236	 -0.0263	  0.0000
  7.9569	  2.9838	  0.0130	 -0.0267	  0.0000
  8.2884	  2.9838	 -0.0058	 -0.0247	  0.0000
  8.6200	  2.9838	  0.0000	 -0.0000	  0.0000
  8.9515	  2.9838	  0.0000	 -0.0000	  0.0000
  9.2831	  2.9838	 -0.0671	 -0.0326	  0.0000
  9.6146	  2.9838	 -0.0977	 -0.0260	  0.0000
  9.9461	  2.9838	 -0.1191	 -0.0179	  0.0000
 10.2777	  2.9838	 -0.1053	 -0.0030	  0.0000
 10.6092	  2.9838	 -0.0870	  0.0114	  0.0000
 10.9407	  2.9838	 -0.0765	  0.0171	  0.0000
 11.2723	  2.9838	 -0.0668	  0.0177	  0.0000
 11.6038	  2.9838	 -0.0579	  0.0160	  0.0000
 11.9354	  2.9838	 -0.0512	  0.0145	  0.0000
 12.2669	  2.9838	 -0.0460	  0.0124	  0.0000
 12.5984	  2.9838	 -0.0432	  0.0113	  0.0000
 12.9300	  2.9838	 -0.0413	  0.0101	  0.0000
  0.3315	  2.6523	  0.0000	 -0.0000	  0.0000
  0.6631	  2.6523	  0.0000	 -0.0000	  0.0000
  0.9946	  2.6523	 -0.1068	 -0.0070	  0.0000
  1.3262	  2.6523	 -0.1185	 -0.0042	  0.0000
  1.6577	  2.6523	 -0.1315	  0.0005	  0.0000
  1.9892	  2.6523	 -0.1428	  0.0074	  0.0000
  2.3208	  2.6523	 -0.1535	  0.0162	  0.0000
  2.6523	  2.6523	 -0.1626	  0.0264	  0.0000
  2.9838	  2.6523	 -0.1694	  0.0376	  0.0000
  3.3154	  2.6523	 -0.1729	  0.0492	  0.0000
  3.6469	  2.6523	 -0.1726	  0.0605	  0.0000
  3.9785	  2.6523	 -0.1673	  0.0725	  0.0000
  4.3100	  2.6523	 -0.1574	  0.0819	  0.0000
  4.6415	  2.6523	 -0.1434	  0.0842	  0.0000
  4.9731	  2.6523	 -0.1250	  0.0807	  0.0000
  5.3046	  2.6523	 -0.1023	  0.0712	  0.0000
  5.6361	  2.6523	 -0.0764	  0.0546	  0.0000
  5.9677	  2.6523	 -0.0478	  0.0342	  0.0000
  6.2992	  2.6523	 -0.0205	  0.0151	  0.0000
  6.6308	  2.6523	  0.0013	 -0.0030	  0.0000
  6.9623	  2.6523	  0.0073	 -0.0186	  0.0000
  7.2938	  2.6523	  0.0039	 -0.0290	  0.0000
  7.6254	  2.6523	 -0.0067	 -0.0334	  0.0000
  7.9569	  2.6523	 -0.0127	 -0.0336	  0.0000
  8.2884	  2.6523	 -0.0220	 -0.0309	  0.0000
  8.6200	  2.6523	  0.0000	 -0.0000	  0.0000
  8.9515	  2.6523	  0.0000	 -0.0000	  0.0000
  9.2831	  2.6523	 -0.0708	 -0.0282	  0.0000
  9.6146	  2.6523	 -0.0915	 -0.0239	  0.0000
  9.9461	  2.6523	 -0.1070	 -0.0181	  0.0000
 10.2777	  2.6523	 -0.1056	 -0.0072	  0.0000
 10.6092	  2.6523	 -0.0965	  0.0029	  0.0000
 10.9407	  2.6523	 -0.0849	  0.0079	  0.0000
 11.2723	  2.6523	 -0.0737	  0.0106	  0.0000
 11.6038	  2.6523	 -0.0630	  0.0110	  0.0000
 11.9354	  2.6523	 -0.0511	  0.0104	  0.0000
 12.2669	  2.6523	 -0.0433	  0.0094	  0.0000
 12.5984	  2.6523	 -0.0420	  0.0089	  0.0000
 12.9300	  2.6523	 -0.0396	  0.0083	  0.0000
  0.3315	  2.3208	 -0.0449	 -0.0000	  0.0000
  0.6631	  2.3208	 -0.0449	 -0.0000	  0.0000
  0.9946	  2.3208	 -0.1236	 -0.0001	  0.0000
  1.3262	  2.3208	 -0.1326	  0.0034	  0.0000
  1.6577	  2.3208	 -0.1429	  0.0090	  0.0000
  1.9892	  2.3208	 -0.1514	  0.0171	  0.0000
  2.3208	  2.3208	 -0.1591	  0.0271	  0.0000
  2.6523	  2.3208	 -0.1654	  0.0385	  0.0000
  2.9838	  2.3208	 -0.1698	  0.0508	  0.0000
  3.3154	  2.3208	 -0.1715	  0.0635	  0.0000
  3.6469	  2.3208	 -0.1703	  0.0756	  0.0000
  3.9785	  2.3208	 -0.1654	  0.0901	  0.0000
  4.3100	  2.3208	 -0.1577	  0.1016	  0.0000
  4.6415	  2.3208	 -0.1466	  0.1023	  0.0000
  4.9731	  2.3208	 -0.1326	  0.0962	  0.0000
  5.3046	  2.3208	 -0.1159	  0.0829	  0.0000
  5.6361	  2.3208	 -0.0974	  0.0601	  0.0000
  5.9677	  2.3208	 -0.0772	  0.0333	  0.0000
  6.2992	  2.3208	 -0.0587	  0.0111	  0.0000
  6.6308	  2.3208	 -0.0437	 -0.0093	  0.0000
  6.9623	  2.3208	 -0.0336	 -0.0259	  0.0000
  7.2938	  2.3208	 -0.0278	 -0.0379	  0.0000
  7.6254	  2.3208	 -0.0269	 -0.0448	  0.0000
  7.9569	  2.3208	 -0.0274	 -0.0449	  0.0000
  8.2884	  2.3208	 -0.0296	 -0.0413	  0.0000
  8.6200	  2.3208	 -0.0381	 -0.0375	  0.0000
  8.9515	  2.3208	 -0.0503	 -0.0320	  0.0000
  9.2831	  2.3208	 -0.0643	 -0.0255	  0.0000
  9.6146	  2.3208	 -0.0795	 -0.0202	  0.0000
  9.9461	  2.3208	 -0.0924	 -0.0143	  0.0000
 10.2777	  2.3208	 -0.1026	 -0.0068	  0.0000
 10.6092	  2.3208	 -0.1021	 -0.0007	  0.0000
 10.9407	  2.3208	 -0.0893	  0.0037	  0.0000
 11.2723	  2.3208	 -0.0778	  0.0062	  0.0000
 11.6038	  2.3208	 -0.0655	  0.0069	  0.0000
 11.9354	  2.3208	 -0.0489	  0.0069	  0.0000
 12.2669	  2.3208	 -0.0388	  0.0066	  0.0000
 12.5984	  2.3208	 -0.0391	  0.0066	  0.0000
 12.9300	  2.3208	 -0.0364	  0.0062	  0.0000
  0.3315	  1.9892	 -0.2593	 -0.0000	  0.0000
  0.6631	  1.9892	 -0.2593	 -0.0000	  0.0000
  0.9946	  1.9892	 -0.1428	  0.0053	  0.0000
  1.3262	  1.9892	 -0.1482	  0.0097	  0.0000
  1.6577	  1.9892	 -0.1548	  0.0163	  0.0000
  1.9892	  1.9892	 -0.1597	  0.0256	  0.0000
  2.3208	  1.9892	 -0.1643	  0.0368	  0.0000
  2.6523	  1.9892	 -0.1679	  0.0494	  0.0000
  2.9838	  1.9892	 -0.1701	  0.0626	  0.0000
  3.3154	  1.9892	 -0.1702	  0.0762	  0.0000
  3.6469	  1.9892	 -0.1682	  0.0889	  0.0000
  3.9785	  1.9892	 -0.1638	  0.1033	  0.0000
  4.3100	  1.9892	 -0.1578	  0.1140	  0.0000
  4.6415	  1.9892	 -0.1496	  0.1794	  0.0000
  4.9731	  1.9892	 -0.1496	  0.1794	  0.0000
  5.3046	  1.9892	 -0.1269	  0.0876	  0.0000
  5.6361	  1.9892	 -0.1141	  0.0610	  0.0000
  5.9677	  1.9892	 -0.0997	  0.0304	  0.0000
  6.2992	  1.9892	 -0.0860	  0.0045	  0.0000
  6.6308	  1.9892	 -0.0732	 -0.0192	  0.0000
  6.9623	  1.9892	 -0.0622	 -0.0383	  0.0000
  7.2938	  1.9892	 -0.0531	 -0.0523	  0.0000
  7.6254	  1.9892	 -0.0471	 -0.0604	  0.0000
  7.9569	  1.9892	 -0.0434	 -0.0614	  0.0000
  8.2884	  1.9892	 -0.0429	 -0.0573	  0.0000
  8.6200	  1.9892	 -0.0482	 -0.0507	  0.0000
  8.9515	  1.9892	 -0.0573	 -0.0418	  0.0000
  9.2831	  1.9892	 -0.0684	 -0.0320	  0.0000
  9.6146	  1.9892	 -0.0811	 -0.0231	  0.0000
  9.9461	  1.9892	 -0.0918	 -0.0149	  0.0000
 10.2777	  1.9892	 -0.1018	 -0.0073	  0.0000
 10.6092	  1.9892	 -0.1017	 -0.0017	  0.0000
 10.9407	  1.9892	 -0.1727	 -0.0000	  0.0000
 11.2723	  1.9892	 -0.1016	 -0.0000	  0.0000
 11.6038	  1.9892	  0.0000	 -0.0000	  0.0000
 11.9354	  1.9892	 -0.0458	  0.0048	  0.0000
 12.2669	  1.9892	 -0.0350	  0.0046	  0.0000
 12.5984	  1.9892	 -0.0348	  0.0047	  0.0000
 12.9300	  1.9892	 -0.0320	  0.0044	  0.0000
  0.3315	  1.6577	 -0.1671	  0.0041	  0.0000
  0.6631	  1.6577	 -0.1659	  0.0060	  0.0000
  0.9946	  1.6577	 -0.1656	  0.0087	  0.0000
  1.3262	  1.6577	 -0.1649	  0.0143	  0.0000
  1.6577	  1.6577	 -0.1650	  0.0223	  0.0000
  1.9892	  1.6577	 -0.1671	  0.0327	  0.0000
  2.3208	  1.6577	 -0.1690	  0.0450	  0.0000
  2.6523	  1.6577	 -0.1704	  0.0586	  0.0000
  2.9838	  1.6577	 -0.1706	  0.0725	  0.0000
  3.3154	  1.6577	 -0.1696	  0.0865	  0.0000
  3.6469	  1.6577	 -0.1671	  0.0990	  0.0000
  3.9785	  1.6577	 -0.1629	  0.1128	  0.0000
  4.3100	  1.6577	 -0.1581	  0.1221	  0.0000
  4.6415	  1.6577	 -0.1496	  0.1794	  0.0000
  4.9731	  1.6577	 -0.1496	  0.1794	  0.0000
  5.3046	  1.6577	 -0.1358	  0.0886	  0.0000
  5.6361	  1.6577	 -0.1271	  0.0589	  0.0000
  5.9677	  1.6577	 -0.1185	  0.0233	  0.0000
  6.2992	  1.6577	 -0.1101	 -0.0063	  0.0000
  6.6308	  1.6577	 -0.0982	 -0.0337	  0.0000
  6.9623	  1.6577	 -0.0860	 -0.0558	  0.0000
  7.2938	  1.6577	 -0.0740	 -0.0722	  0.0000
  7.6254	  1.6577	 -0.0625	 -0.0800	  0.0000
  7.9569	  1.6577	 -0.0541	 -0.0816	  0.0000
  8.2884	  1.6577	 -0.0529	 -0.0765	  0.0000
  8.6200	  1.6577	 -0.0562	 -0.0667	  0.0000
  8.9515	  1.6577	 -0.0637	 -0.0537	  0.0000
  9.2831	  1.6577	 -0.0735	 -0.0395	  0.0000
  9.6146	  1.6577	 -0.0839	 -0.0258	  0.0000
  9.9461	  1.6577	 -0.0920	 -0.0142	  0.0000
 10.2777	  1.6577	 -0.1016	 -0.0053	  0.0000
 10.6092	  1.6577	 -0.1011	  0.0005	  0.0000
 10.9407	  1.6577	 -0.1727	 -0.0000	  0.0000
 11.2723	  1.6577	 -0.1016	 -0.0000	  0.0000
 11.6038	  1.6577	  0.0000	 -0.0000	  0.0000
 11.9354	  1.6577	 -0.0389	  0.0035	  0.0000
 12.2669	  1.6577	 -0.0277	  0.0031	  0.0000
 12.5984	  1.6577	 -0.0287	  0.0033	  0.0000
 12.9300	  1.6577	 -0.0274	  0.0032	  0.0000
  0.3315	  1.3262	 -0.1913	  0.0060	  0.0000
  0.6631	  1.3262	 -0.1868	  0.0083	  0.0000
  0.9946	  1.3262	 -0.1840	  0.0114	  0.0000
  1.3262	  1.3262	 -0.1785	  0.0179	  0.0000
  1.6577	  1.3262	 -0.1734	  0.0268	  0.0000
  1.9892	  1.3262	 -0.1732	  0.0381	  0.0000
  2.3208	  1.3262	 -0.1729	  0.0514	  0.0000
  2.6523	  1.3262	 -0.1724	  0.0658	  0.0000
  2.9838	  1.3262	 -0.1711	  0.0803	  0.0000
  3.3154	  1.3262	 -0.1691	  0.0942	  0.0000
  3.6469	  1.3262	 -0.1661	  0.1060	  0.0000
  3.9785	  1.3262	 -0.1622	  0.1185	  0.0000
  4.3100	  1.3262	 -0.1583	  0.1262	  0.0000
  4.6415	  1.3262	 -0.1532	  0.1213	  0.0000
  4.9731	  1.3262	 -0.1478	  0.1082	  0.0000
  5.3046	  1.3262	 -0.1422	  0.0865	  0.0000
  5.6361	  1.3262	 -0.1366	  0.0546	  0.0000
  5.9677	  1.3262	 -0.1321	  0.0151	  0.0000
  6.2992	  1.3262	 -0.1277	 -0.0173	  0.0000
  6.6308	  1.3262	 -0.1163	 -0.0480	  0.0000
  6.9623	  1.3262	 -0.1003	 -0.0774	  0.0000
  7.2938	  1.3262	 -0.0839	 -0.1005	  0.0000
  7.6254	  1.3262	 -0.0682	 -0.1083	  0.0000
  7.9569	  1.3262	 -0.0553	 -0.1098	  0.0000
  8.2884	  1.3262	 -0.0526	 -0.1024	  0.0000
  8.6200	  1.3262	 -0.0577	 -0.0851	  0.0000
  8.9515	  1.3262	 -0.0669	 -0.0638	  0.0000
  9.2831	  1.3262	 -0.0765	 -0.0450	  0.0000
  9.6146	  1.3262	 -0.0862	 -0.0276	  0.0000
  9.9461	  1.3262	 -0.0934	 -0.0133	  0.0000
 10.2777	  1.3262	 -0.1021	 -0.0026	  0.0000
 10.6092	  1.3262	 -0.1003	  0.0037	  0.0000
 10.9407	  1.3262	 -0.0829	  0.0056	  0.0000
 11.2723	  1.3262	 -0.0667	  0.0056	  0.0000
 11.6038	  1.3262	 -0.0510	  0.0044	  0.0000
 11.9354	  1.3262	 -0.0318	  0.0030	  0.0000
 12.2669	  1.3262	 -0.0205	  0.0021	  0.0000
 12.5984	  1.3262	 -0.0231	  0.0024	  0.0000
 12.9300	  1.3262	 -0.0231	  0.0025	  0.0000
  0.3315	  0.9946	 -0.1857	  0.0075	  0.0000
  0.6631	  0.9946	 -0.1847	  0.0100	  0.0000
  0.9946	  0.9946	 -0.1836	  0.0135	  0.0000
  1.3262	  0.9946	 -0.1816	  0.0205	  0.0000
  1.6577	  0.9946	 -0.1797	  0.0301	  0.0000
  1.9892	  0.9946	 -0.1778	  0.0422	  0.0000
  2.3208	  0.9946	 -0.1759	  0.0561	  0.0000
  2.6523	  0.9946	 -0.1739	  0.0711	  0.0000
  2.9838	  0.9946	 -0.1716	  0.0859	  0.0000
  3.3154	  0.9946	 -0.1687	  0.0995	  0.0000
  3.6469	  0.9946	 -0.1655	  0.1105	  0.0000
  3.9785	  0.9946	 -0.1618	  0.1191	  0.0000
  4.3100	  0.9946	 -0.1581	  0.1222	  0.0000
  4.6415	  0.9946	 -0.1541	  0.1155	  0.0000
  4.9731	  0.9946	 -0.1502	  0.1007	  0.0000
  5.3046	  0.9946	 -0.1465	  0.0775	  0.0000
  5.6361	  0.9946	 -0.1431	  0.0465	  0.0000
  5.9677	  0.9946	 -0.1409	  0.0081	  0.0000
  6.2992	  0.9946	 -0.1375	 -0.0268	  0.0000
  6.6308	  0.9946	 -0.1701	 -0.1071	  0.0000
  6.9623	  0.9946	 -0.1701	 -0.1071	  0.0000
  7.2938	  0.9946	 -0.0856	 -0.1260	  0.0000
  7.6254	  0.9946	 -0.0674	 -0.1354	  0.0000
  7.9569	  0.9946	 -0.0528	 -0.1364	  0.0000
  8.2884	  0.9946	 -0.0493	 -0.1264	  0.0000
  8.6200	  0.9946	 -0.0569	 -0.1022	  0.0000
  8.9515	  0.9946	 -0.0685	 -0.0730	  0.0000
  9.2831	  0.9946	 -0.0787	 -0.0496	  0.0000
  9.6146	  0.9946	 -0.0909	 -0.0249	  0.0000
  9.9461	  0.9946	 -0.1003	 -0.0046	  0.0000
 10.2777	  0.9946	 -0.1049	  0.0081	  0.0000
 10.6092	  0.9946	 -0.1009	  0.0152	  0.0000
 10.9407	  0.9946	 -0.0843	  0.0168	  0.0000
 11.2723	  0.9946	 -0.0645	  0.0123	  0.0000
 11.6038	  0.9946	  0.0000	 -0.0000	  0.0000
 11.9354	  0.9946	  0.0000	 -0.0000	  0.0000
 12.2669	  0.9946	 -0.0186	  0.0023	  0.0000
 12.5984	  0.9946	 -0.0189	  0.0021	  0.0000
 12.9300	  0.9946	 -0.0191	  0.0021	  0.0000
  0.3315	  0.6631	 -0.1903	  0.0082	  0.0000
  0.6631	  0.6631	 -0.1891	  0.0108	  0.0000
  0.9946	  0.6631	 -0.1877	  0.0144	  0.0000
  1.3262	  0.6631	 -0.1853	  0.0218	  0.0000
  1.6577	  0.6631	 -0.1828	  0.0316	  0.0000
  1.9892	  0.6631	 -0.1800	  0.0442	  0.0000
  2.3208	  0.6631	 -0.1774	  0.0585	  0.0000
  2.6523	  0.6631	 -0.1747	  0.0737	  0.0000
  2.9838	  0.6631	 -0.1718	  0.0887	  0.0000
  3.3154	  0.6631	 -0.1686	  0.1021	  0.0000
  3.6469	  0.6631	 -0.1652	  0.1126	  0.0000
  3.9785	  0.6631	 -0.1616	  0.1181	  0.0000
  4.3100	  0.6631	 -0.1581	  0.1175	  0.0000
  4.6415	  0.6631	 -0.1547	  0.1097	  0.0000
  4.9731	  0.6631	 -0.1514	  0.0941	  0.0000
  5.3046	  0.6631	 -0.1486	  0.0702	  0.0000
  5.6361	  0.6631	 -0.1461	  0.0408	  0.0000
  5.9677	  0.6631	 -0.1458	  0.0034	  0.0000
  6.2992	  0.6631	 -0.1440	 -0.0329	  0.0000
  6.6308	  0.6631	 -0.1701	 -0.1071	  0.0000
  6.9623	  0.6631	 -0.1701	 -0.1071	  0.0000
  7.2938	  0.6631	 -0.0876	 -0.1409	  0.0000
  7.6254	  0.6631	  0.0000	 -0.2592	  0.0000
  7.9569	  0.6631	  0.0000	 -0.2592	  0.0000
  8.2884	  0.6631	 -0.0469	 -0.1397	  0.0000
  8.6200	  0.6631	 -0.0559	 -0.1115	  0.0000
  8.9515	  0.6631	 -0.0689	 -0.0779	  0.0000
  9.2831	  0.6631	 -0.0796	 -0.0520	  0.0000
  9.6146	  0.6631	 -0.0926	 -0.0242	  0.0000
  9.9461	  0.6631	 -0.1025	 -0.0017	  0.0000
 10.2777	  0.6631	 -0.1033	  0.0121	  0.0000
 10.6092	  0.6631	 -0.0974	  0.0197	  0.0000
 10.9407	  0.6631	 -0.0814	  0.0211	  0.0000
 11.2723	  0.6631	 -0.0599	  0.0151	  0.0000
 11.6038	  0.6631	  0.0000	 -0.0000	  0.0000
 11.9354	  0.6631	  0.0000	 -0.0000	  0.0000
 12.2669	  0.6631	 -0.0173	  0.0023	  0.0000
 12.5984	  0.6631	 -0.0162	  0.0020	  0.0000
 12.9300	  0.6631	 -0.0171	  0.0019	  0.0000
  0.3315	  0.3315	 -0.1907	  0.0087	  0.0000
  0.6631	  0.3315	 -0.1898	  0.0114	  0.0000
  0.9946	  0.3315	 -0.1888	  0.0151	  0.0000
  1.3262	  0.3315	 -0.1867	  0.0227	  0.0000
  1.6577	  0.3315	 -0.1843	  0.0328	  0.0000
  1.9892	  0.3315	 -0.1815	  0.0456	  0.0000
  2.3208	  0.3315	 -0.1785	  0.0602	  0.0000
  2.6523	  0.3315	 -0.1753	  0.0757	  0.0000
  2.9838	  0.3315	 -0.1719	  0.0907	  0.0000
  3.3154	  0.3315	 -0.1685	  0.1038	  0.0000
  3.6469	  0.3315	 -0.1649	  0.1136	  0.0000
  3.9785	  0.3315	 -0.1614	  0.1182	  0.0000
  4.3100	  0.3315	 -0.1581	  0.1166	  0.0000
  4.6415	  0.3315	 -0.1550	  0.1077	  0.0000
  4.9731	  0.3315	 -0.1523	  0.0914	  0.0000
  5.3046	  0.3315	 -0.1501	  0.0672	  0.0000
  5.6361	  0.3315	 -0.1483	  0.0374	  0.0000
  5.9677	  0.3315	 -0.1498	 -0.0018	  0.0000
  6.2992	  0.3315	 -0.1502	 -0.0390	  0.0000
  6.6308	  0.3315	 -0.1383	 -0.0761	  0.0000
  6.9623	  0.3315	 -0.1134	 -0.1206	  0.0000
  7.2938	  0.3315	 -0.0879	 -0.1578	  0.0000
  7.6254	  0.3315	  0.0000	 -0.2592	  0.0000
  7.9569	  0.3315	  0.0000	 -0.2592	  0.0000
  8.2884	  0.3315	 -0.0422	 -0.1543	  0.0000
  8.6200	  0.3315	 -0.0537	 -0.1210	  0.0000
  8.9515	  0.3315	 -0.0689	 -0.0819	  0.0000
  9.2831	  0.3315	 -0.0805	 -0.0536	  0.0000
  9.6146	  0.3315	 -0.0948	 -0.0223	  0.0000
  9.9461	  0.3315	 -0.1057	  0.0032	  0.0000
 10.2777	  0.3315	 -0.1701	  0.1071	  0.0000
 10.6092	  0.3315	 -0.1701	  0.1071	  0.0000
 10.9407	  0.3315	 -0.0814	  0.0267	  0.0000
 11.2723	  0.3315	 -0.0575	  0.0184	  0.0000
 11.6038	  0.3315	 -0.0359	  0.0092	  0.0000
 11.9354	  0.3315	 -0.0223	  0.0050	  0.0000
 12.2669	  0.3315	 -0.0133	  0.0022	  0.0000
 12.5984	  0.3315	 -0.0137	  0.0019	  0.0000
 12.9300	  0.3315	 -0.0158	  0.0019	  0.0000
